Count = 1
Count = 2
Count = 4
Count = 8
Count = 16
Count = 32
Count = 64
Count = 128
Count = 256
Count = 512
Count = 1024
Count = 2048
Count = 4096
Count = 8192
Count = 16384
Index      fiber scan       thread scan   stack_scan_bytes
    1              2              1          63864
    2              1              1          63872
    3              3              1          88016
    4              1              1          88032
    5              5              1         136336
    6              1              1         136368
    7              9              1         232976
    8              1              1         233040
    9             17              1         426256
   10              1              1         426384
   11             33              1         812816
   12              1              1         813072
   13             65              1        1585936
   14              1              1        1586448
   15            129              1        3132176
   16              1              1        3133200
   17            257              1        6224656
   18              1              1        6226704
   19            513              1       12409616
   20              1              1       12413712
   21           1025              1       24779536
   22              1              1       24787728
   23           2049              1       49519376
   24              1              1       49535760
   25           4097              1       98999056
   26              1              1       99031824
   27           8193              1      197958416
   28              1              1      198023952
   29          16385              1      395877136
   30              1              1      396008208
GC 36 invokes.
Index    Invoke Time(sec)       Use Size(byte)     Total Size(byte)         Total Object                    GC Time(ms)
    1               0.156               729960              2096640                52416         0.00000000000000000000
    2               0.156               739560              2096640                52416         0.00000000000000000000
    3               0.156               780080              2096640                52416         0.00000000000000000000
    4               0.156               780360              2096640                52416        15.62500000000000000000
    5               0.172               860880              2096640                52416         0.00000000000000000000
    6               0.172               861160              2096640                52416         0.00000000000000000000
    7               0.172              1022000              2293200                57330         0.00000000000000000000
    8               0.172              1022280              2293200                57330        15.62500000000000000000
    9               0.188              1343760              2817360                70434         0.00000000000000000000
   10               0.188              1344040              2817360                70434         0.00000000000000000000
   11               0.203              1986800              3734640                93366        15.62500000000002842171
   12               0.219              1987080              3734640                93366         0.00000000000000000000
   13               0.250              3272400              5700240               142506         0.00000000000000000000
   14               0.250              3272680              5700240               142506         0.00000000000000000000
   15               0.312              5843120              9565920               239148        15.62500000000000000000
   16               0.328              5843400              9565920               239148         0.00000000000000000000
   17               0.438             10984080             17231760               430794        31.25000000000000000000
   18               0.469             10984360             17231760               430794         0.00000000000000000000
   19               0.719             21265520             32694480               817362        31.25000000000000000000
   20               0.750             21265800             32694480               817362        31.25000000000000000000
   21               1.297             41827920             63554400              1588860        62.50000000000000000000
   22               1.359             41828200             63554400              1588860        62.50000000000000000000
   23               2.625             82952240            125274240              3131856       140.62500000000000000000
   24               2.766             82952520            125274240              3131856        93.75000000000000000000
   25               5.984            165200400            248648400              6216210       265.62500000000000000000
   26               6.250            165200680            248648400              6216210       234.37500000000000000000
   27              16.562            329696240            495527760             12388194       656.25000000000000000000
   28              17.219            329696520            495527760             12388194       546.87500000000000000000
   29              50.016            658687440            989155440             24728886      1312.50000000000000000000
   30              51.328            658687720            989155440             24728886       984.37500000000000000000

Count = 1
Count = 2
Count = 4
Count = 8
Count = 16
Count = 32
Count = 64
Count = 128
Count = 256
Count = 512
Count = 1024
Count = 2048
Count = 4096
Count = 8192
Count = 16384
Index      fiber scan       thread scan   stack_scan_bytes
    1              2              1          63864
    2              1              1          63864
    3              3              1          88016
    4              1              1          88016
    5              5              1         136336
    6              1              1         136336
    7              9              1         232976
    8              1              1         232976
    9             17              1         426256
   10              1              1         426256
   11             33              1         812816
   12              1              1         812816
   13             65              1        1585936
   14              1              1        1585936
   15            129              1        3132176
   16              1              1        3132176
   17            257              1        6224656
   18              1              1        6224656
   19            513              1       12409616
   20              1              1       12409616
   21           1025              1       24779536
   22              1              1       24779536
   23           2049              1       49519376
   24              1              1       49519376
   25           4097              1       98999056
   26              1              1       98999056
   27           8193              1      197958416
   28              1              1      197958416
   29          16385              1      395877136
   30              1              1      395877136
GC 36 invokes.
Index    Invoke Time(sec)       Use Size(byte)     Total Size(byte)         Total Object                    GC Time(ms)
    1               0.156               729960              2096640                52416         0.00000000000000000000
    2               0.156               739560              2096640                52416         0.00000000000000000000
    3               0.156               780080              2096640                52416         0.00000000000000000000
    4               0.156               780360              2096640                52416         0.00000000000000000000
    5               0.156               860880              2096640                52416         0.00000000000000000000
    6               0.156               861160              2096640                52416         0.00000000000000000000
    7               0.172              1022000              2293200                57330         0.00000000000000000000
    8               0.172              1022280              2293200                57330         0.00000000000000000000
    9               0.172              1343760              2817360                70434        15.62500000000000000000
   10               0.188              1344040              2817360                70434         0.00000000000000000000
   11               0.203              1986800              3734640                93366         0.00000000000000000000
   12               0.203              1987080              3734640                93366         0.00000000000000000000
   13               0.234              3272400              5700240               142506         0.00000000000000000000
   14               0.234              3272680              5700240               142506         0.00000000000000000000
   15               0.297              5843120              9565920               239148        15.62500000000000000000
   16               0.312              5843400              9565920               239148         0.00000000000000000000
   17               0.438             10984080             17231760               430794        15.62500000000000000000
   18               0.453             10984360             17231760               430794        15.62500000000000000000
   19               0.703             21265520             32694480               817362        31.25000000000000000000
   20               0.734             21265800             32694480               817362        31.25000000000000000000
   21               1.281             41827920             63554400              1588860        62.50000000000000000000
   22               1.344             41828200             63554400              1588860        62.50000000000000000000
   23               2.609             82952240            125274240              3131856       140.62500000000000000000
   24               2.750             82952520            125274240              3131856       109.37500000000000000000
   25               6.016            165200400            248648400              6216210       265.62500000000000000000
   26               6.281            165200680            248648400              6216210       234.37500000000000000000
   27              16.391            329696240            495527760             12388194       640.62500000000000000000
   28              17.031            329696520            495527760             12388194       484.37500000000000000000
   29              44.359            658687440            989155440             24728886      1062.50000000000000000000
   30              45.422            658687720            989155440             24728886       921.87500000000000000000