Count = 1
Count = 2
Count = 4
Count = 8
Count = 16
Count = 32
Count = 64
Count = 128
Count = 256
Count = 512
Count = 1024
Count = 2048
Count = 4096
Count = 8192
Count = 16384
Index      fiber scan       thread scan   stack_scan_bytes
    1              2              2          82272
    2              4              3         148264
    3              7              4         240520
    4             10              5         332776
    5             15              6         477560
    6             20              7         622344
    7             29              8         872184
    8             38              9        1122024
    9             55             10        1581976
   10             72             11        2041928
   11            105             12        2922104
   12            138             13        3802280
   13            203             14        5522904
   14            268             15        7243528
   15            397             16       10645048
   16            526             17       14046568
   17            783             18       20809880
   18           1040             19       27573192
   19           1553             20       41060088
   20           2066             21       54546984
   21           3091             22       81481048
   22           4116             23      108415112
   23           6165             24      162243512
   24           8214             25      216071912
   25          12311             26      323688984
   26          16408             27      431306056
   27          24601             28      646500472
   28          32794             29      861694888
   29          49179             30     1292043992
   30          65564             31     1722393096
GC 31 invokes.
Index    Invoke Time(sec)       Use Size(byte)     Total Size(byte)         Total Object                    GC Time(ms)
    1               0.031               287040               720720                18018         0.00000000000000000000
    2               0.031               296360               720720                18018         0.00000000000000000000
    3               0.031               336920               982800                24570         0.00000000000000000000
    4               0.031               337200               982800                24570         0.00000000000000000000
    5               0.031               417720              1048320                26208         0.00000000000000000000
    6               0.031               418000              1048320                26208         0.00000000000000000000
    7               0.031               578840              1310400                32760        15.62500000000000000000
    8               0.047               579120              1310400                32760         0.00000000000000000000
    9               0.047               900600              1769040                44226         0.00000000000000000000
   10               0.047               900880              1769040                44226         0.00000000000000000000
   11               0.062              1543640              2751840                68796         0.00000000000000000000
   12               0.062              1543920              2751840                68796        15.62500000000000000000
   13               0.094              2829240              4651920               116298        15.62500000000000000000
   14               0.109              2829520              4651920               116298         0.00000000000000000000
   15               0.172              5399960              8517600               212940         0.00000000000000000000
   16               0.172              5400240              8517600               212940        15.62500000000002842171
   17               0.297             10540920             16248960               406224        15.62500000000000000000
   18               0.312             10541200             16248960               406224        15.62500000000000000000
   19               0.562             20822360             31646160               791154        15.62500000000000000000
   20               0.578             20822640             31646160               791154        31.25000000000000000000
   21               1.141             41384760             62506080              1562652        31.25000000000000000000
   22               1.172             41385040             62506080              1562652        46.87500000000000000000
   23               2.422             82509080            124225920              3105648       109.37500000000000000000
   24               2.531             82509360            124225920              3105648       109.37500000000000000000
   25               5.594            164757240            247665600              6191640       234.37500000000000000000
   26               5.828            164757520            247665600              6191640       250.00000000000000000000
   27              14.250            329253080            494479440             12361986       453.12500000000000000000
   28              14.703            329253360            494479440             12361986       421.87500000000000000000
   29              40.594            658244280            988107120             24702678      1015.62500000000000000000
   30              41.609            658244560            988107120             24702678       828.12500000000000000000

/////////////////////////////////////////

Count = 1
Count = 2
Count = 4
Count = 8
Count = 16
Count = 32
Count = 64
Count = 128
Count = 256
Count = 512
Count = 1024
Count = 2048
Count = 4096
Count = 8192
Count = 16384
Index      fiber scan       thread scan   stack_scan_bytes
    1              2              2          82272
    2              4              3         148264
    3              7              4         240520
    4             10              5         332776
    5             15              6         477560
    6             20              7         622344
    7             29              8         872184
    8             38              9        1122024
    9             55             10        1581976
   10             72             11        2041928
   11            105             12        2922104
   12            138             13        3802280
   13            203             14        5522904
   14            268             15        7243528
   15            397             16       10645048
   16            526             17       14046568
   17            783             18       20809880
   18           1040             19       27573192
   19           1553             20       41060088
   20           2066             21       54546984
   21           3091             22       81481048
   22           4116             23      108415112
   23           6165             24      162243512
   24           8214             25      216071912
   25          12311             26      323688984
   26          16408             27      431306056
   27          24601             28      646500472
   28          32794             29      861694888
   29          49179             30     1292043992
   30          65564             31     1722393096
GC 31 invokes.
Index    Invoke Time(sec)       Use Size(byte)     Total Size(byte)         Total Object                    GC Time(ms)
    1               0.031               287040               720720                18018         0.00000000000000000000
    2               0.031               296360               720720                18018         0.00000000000000000000
    3               0.047               336920               982800                24570         0.00000000000000000000
    4               0.047               337200               982800                24570         0.00000000000000000000
    5               0.047               417720              1048320                26208         0.00000000000000000000
    6               0.047               418000              1048320                26208         0.00000000000000000000
    7               0.047               578840              1310400                32760         0.00000000000000000000
    8               0.047               579120              1310400                32760         0.00000000000000000000
    9               0.062               900600              1769040                44226         0.00000000000000000000
   10               0.062               900880              1769040                44226         0.00000000000000000000
   11               0.078              1543640              2751840                68796         0.00000000000000000000
   12               0.078              1543920              2751840                68796         0.00000000000000000000
   13               0.109              2829240              4651920               116298         0.00000000000000000000
   14               0.109              2829520              4651920               116298         0.00000000000000000000
   15               0.172              5399960              8517600               212940         0.00000000000000000000
   16               0.172              5400240              8517600               212940        15.62500000000000000000
   17               0.297             10540920             16248960               406224        15.62500000000000000000
   18               0.312             10541200             16248960               406224        15.62500000000000000000
   19               0.562             20822360             31646160               791154        31.25000000000000000000
   20               0.594             20822640             31646160               791154        31.25000000000000000000
   21               1.141             41384760             62506080              1562652        62.50000000000000000000
   22               1.203             41385040             62506080              1562652        62.50000000000000000000
   23               2.578             82509080            124225920              3105648       109.37500000000000000000
   24               2.688             82509360            124225920              3105648       125.00000000000000000000
   25               5.844            164757240            247665600              6191640       250.00000000000000000000
   26               6.094            164757520            247665600              6191640       265.62500000000000000000
   27              14.734            329253080            494479440             12361986       468.75000000000000000000
   28              15.203            329253360            494479440             12361986       437.50000000000000000000
   29              41.234            658244280            988107120             24702678       984.37500000000000000000
   30              42.219            658244560            988107120             24702678       859.37500000000000000000


Count = 1
Count = 2
Count = 4
Count = 8
Count = 16
Count = 32
Count = 64
Count = 128
Count = 256
Count = 512
Count = 1024
Count = 2048
Count = 4096
Count = 8192
Count = 16384
Index      fiber scan       thread scan   stack_scan_bytes
    1              2              2          82272
    2              4              3         148264
    3              7              4         240520
    4             10              5         332776
    5             15              6         477560
    6             20              7         622344
    7             29              8         872184
    8             38              9        1122024
    9             55             10        1581976
   10             72             11        2041928
   11            105             12        2922104
   12            138             13        3802280
   13            203             14        5522904
   14            268             15        7243528
   15            397             16       10645048
   16            526             17       14046568
   17            783             18       20809880
   18           1040             19       27573192
   19           1553             20       41060088
   20           2066             21       54546984
   21           3091             22       81481048
   22           4116             23      108415112
   23           6165             24      162243512
   24           8214             25      216071912
   25          12311             26      323688984
   26          16408             27      431306056
   27          24601             28      646500472
   28          32794             29      861694888
   29          49179             30     1292043992
   30          65564             31     1722393096
GC 31 invokes.
Index    Invoke Time(sec)       Use Size(byte)     Total Size(byte)         Total Object                    GC Time(ms)
    1               0.031               287040               720720                18018         0.00000000000000000000
    2               0.031               296360               720720                18018         0.00000000000000000000
    3               0.031               336920               982800                24570         0.00000000000000000000
    4               0.031               337200               982800                24570         0.00000000000000000000
    5               0.047               417720              1048320                26208         0.00000000000000000000
    6               0.047               418000              1048320                26208         0.00000000000000000000
    7               0.047               578840              1310400                32760         0.00000000000000000000
    8               0.047               579120              1310400                32760         0.00000000000000000000
    9               0.062               900600              1769040                44226         0.00000000000000000000
   10               0.062               900880              1769040                44226         0.00000000000000000000
   11               0.078              1543640              2751840                68796         0.00000000000000000000
   12               0.078              1543920              2751840                68796         0.00000000000000000000
   13               0.094              2829240              4651920               116298         0.00000000000000000000
   14               0.109              2829520              4651920               116298         0.00000000000000000000
   15               0.156              5399960              8517600               212940        15.62500000000000000000
   16               0.172              5400240              8517600               212940         0.00000000000000000000
   17               0.297             10540920             16248960               406224         0.00000000000000000000
   18               0.297             10541200             16248960               406224        15.62500000000000000000
   19               0.562             20822360             31646160               791154        31.25000000000000000000
   20               0.594             20822640             31646160               791154        15.62500000000000000000
   21               1.141             41384760             62506080              1562652        62.50000000000000000000
   22               1.203             41385040             62506080              1562652        62.50000000000000000000
   23               2.469             82509080            124225920              3105648       125.00000000000000000000
   24               2.594             82509360            124225920              3105648       109.37500000000000000000
   25               5.672            164757240            247665600              6191640       234.37500000000000000000
   26               5.922            164757520            247665600              6191640       203.12500000000000000000
   27              14.359            329253080            494479440             12361986       468.75000000000000000000
   28              14.828            329253360            494479440             12361986       421.87500000000000000000
   29              40.609            658244280            988107120             24702678       812.50000000000000000000
   30              41.422            658244560            988107120             24702678       828.12500000000000000000